# id	left	top	right	bottom	texture_id
[SPRITES]
#####  BIG ###############
#IDLE
11121	404	2	434	40	0

11111	366	2	396	40	0

#WALKING RIGHT
11222	507	1	537	41	0
11223	539	1	567	42	0
11224	568	1	599	41	0
11225	600	1	632	42	0
11226	634	1	661	41	0
11227	665	1	694	41	0
11228	697	1	729	41	0
11229	729	1	765	38	0
11230	765	1	796	41	0

#WALKING LEFT
11212	297	2	326	40	0
11213	263	1	293	41	0
11214	233	1	261	42	0
11215	200	1	232	41	0
11216	167	1	199	42	0
11217	138	1	165	41	0
11218	70	1	102	41	0
11219	34	1	70	38	0
11220	3	1	34	41	0

#JUMP RIGHT
11417	403	189	432	237	0
11418	432	189	461	237	0

#JUMP LEFT
11413	368	189	397	237	0
11414	339	189	368	237	0

#SIT RIGHT & LEFT 
11521	665	571	698	595	0
11511	105	570	138	594	0

#DIE (SOS)
#13001	215	120	234	137	0

# ani_id	sprite1_id	time1	sprite2_id	time2	...
[ANIMATIONS]
400	11121	100
401	11111	100

#WALKING RIGHT & LEFT 
500	11222	100	11223	100	11224	100	11225	100	11226	100	11227	100	11228	100	11229	100	11230	100
501	11212	100	11213	100	11214	100	11215	100	11216	100	11217	100	11218	100	11219	100	11220	100

#JUMP RIGHT
700	11417	100	11418	100

#JUMP LEFT
701	11413	100	11414	100

#SIT RIGHT & LEFT 
900	11521	100
901	11511	100

#DIE (SOS)
#999	13001	100